 -0.70000000000000000E+001  0.00000000000000000E+000
          1          1 -0.64568017081931012E-002  0.13807968548668148E-002 -0.24009890097533458E-007  0.99775300897567285E-007
 -0.60000000000000000E+001  0.00000000000000000E+000
          1          1  0.78430960766983689E-002  0.14333895410045803E-002 -0.35418140385412880E-007  0.11207954754447572E-006
 -0.50000000000000000E+001  0.00000000000000000E+000
          1          1 -0.93001236332777015E-002  0.14834075310147254E-002  0.52952216830769343E-008  0.12318773672852205E-006
 -0.40000000000000000E+001  0.00000000000000000E+000
          1          1  0.97801970946705691E-002  0.10133254671556339E-002  0.35646153017225632E-007  0.93971500818277054E-007
 -0.30000000000000000E+001  0.00000000000000000E+000
          1          1 -0.11031113678574223E-001  0.13165558584846101E-002 -0.46242288036413798E-007  0.13206298685866381E-006
 -0.20000000000000000E+001  0.00000000000000000E+000
          1          1  0.14864174089882652E-001  0.12627278865599248E-002 -0.13273426244693883E-007  0.15796339585644735E-006
 -0.10000000000000000E+001  0.00000000000000000E+000
          1          1 -0.18495663353274367E-001  0.14202648745414385E-002  0.12237582852930935E-007  0.12029786731116912E-006
  0.00000000000000000E+000  0.00000000000000000E+000
          1          1  0.12068522767923606E+000  0.13584803348666694E-002 -0.15827829083366858E-009  0.17040598861280558E-006
  0.10000000000000000E+001  0.00000000000000000E+000
          1          1 -0.18495663353274360E-001  0.14202648745414300E-002  0.12237582857052163E-007  0.12029786731133737E-006
  0.20000000000000000E+001  0.00000000000000000E+000
          1          1  0.14864174089882668E-001  0.12627278865599291E-002 -0.13273426253203967E-007  0.15796339585616534E-006
  0.30000000000000000E+001  0.00000000000000000E+000
          1          1 -0.11031113678574225E-001  0.13165558584846118E-002 -0.46242288023606944E-007  0.13206298685899203E-006
  0.40000000000000000E+001  0.00000000000000000E+000
          1          1  0.97801970946705709E-002  0.10133254671556352E-002  0.35646152999853304E-007  0.93971500817820808E-007
  0.50000000000000000E+001  0.00000000000000000E+000
          1          1 -0.93001236332776877E-002  0.14834075310147261E-002  0.52952217042333540E-008  0.12318773672917347E-006
  0.60000000000000000E+001  0.00000000000000000E+000
          1          1  0.78430960766983689E-002  0.14333895410045803E-002 -0.35418140411345005E-007  0.11207954754348475E-006
  0.70000000000000000E+001  0.00000000000000000E+000
          1          1 -0.64568017081930561E-002  0.13807968548668064E-002 -0.24009890067727040E-007  0.99775300898028865E-007
  0.80000000000000000E+001  0.00000000000000000E+000
          1          1  0.66685989610142929E-002  0.18368165081026672E-002 -0.92794013417336744E-007  0.10157834422196546E-006
