 -0.27488935718910690E+001   0.14751569062804576E+000  0.50955445224378886E-002  0.96421595787616287E-007  0.44510221538806976E-006
 -0.23561944901923448E+001   0.11432883540923044E+000  0.21187683821674852E-002 -0.20550393777430174E-006  0.23778740299392621E-006
 -0.19634954084936207E+001   0.11010301821405269E+000  0.37039223461302175E-002 -0.61653135427185506E-007  0.35501749020875917E-006
 -0.15707963267948966E+001   0.10149968049642945E+000  0.23620689587822126E-002  0.75723147584145313E-007  0.53198321206175308E-006
 -0.11780972450961724E+001   0.98071631724941183E-001  0.23729986456348675E-002  0.18428989554945548E-006  0.28767738033338800E-006
 -0.78539816339744828E+000   0.10125802949258797E+000  0.27510399655875512E-002 -0.12298525771507225E-006  0.37199337969307440E-006
 -0.39269908169872414E+000   0.10037617430584735E+000  0.23515203029226099E-002  0.15148458467499419E-006  0.17767687034511038E-006
  0.00000000000000000E+000   0.10176135641611492E+000  0.37031648338767577E-002 -0.22448186609659416E-006  0.13652423274779434E-005
  0.39269908169872414E+000   0.10037617430584733E+000  0.23515203029225757E-002  0.15148458465622793E-006  0.17767687034497544E-006
  0.78539816339744828E+000   0.10125802949258797E+000  0.27510399655875512E-002 -0.12298525767970259E-006  0.37199337969277603E-006
  0.11780972450961724E+001   0.98071631724941155E-001  0.23729986456348731E-002  0.18428989549396276E-006  0.28767738033476454E-006
  0.15707963267948966E+001   0.10149968049642945E+000  0.23620689587822135E-002  0.75723147658189400E-007  0.53198321206101679E-006
  0.19634954084936207E+001   0.11010301821405268E+000  0.37039223461302236E-002 -0.61653135518849505E-007  0.35501749020998160E-006
  0.23561944901923448E+001   0.11432883540923044E+000  0.21187683821674852E-002 -0.20550393766278694E-006  0.23778740299196461E-006
  0.27488935718910690E+001   0.14751569062804576E+000  0.50955445224378886E-002  0.96421595657223678E-007  0.44510221539104734E-006
  0.31415926535897931E+001   0.28289616590939237E+000  0.18273084266131213E-001 -0.13604371840660389E-007  0.49132032001934738E-006
