 -0.27488935718910690E+001   0.21474519459456149E+001  0.30184681325094941E-002  0.27767655258385851E-006  0.24738293925950439E-005
 -0.23561944901923448E+001   0.14001789198030079E+001  0.21870623638632100E-002  0.62611853794905281E-006  0.14176248851090372E-005
 -0.19634954084936207E+001   0.98964645504784954E+000  0.14065099307198200E-002  0.95831041148443619E-007  0.10252828919433627E-005
 -0.15707963267948966E+001   0.70743219967934312E+000  0.87830159341848574E-003  0.21181411941941490E-006  0.93274277333285083E-006
 -0.11780972450961724E+001   0.48881552416120760E+000  0.43263052185666328E-003  0.10522026921945187E-006  0.74690473245797431E-006
 -0.78539816339744828E+000   0.30478748269610972E+000  0.15967244615606099E-003  0.31881909248791261E-006  0.45363896773694793E-006
 -0.39269908169872414E+000   0.14307615067554885E+000  0.48909770842467794E-003  0.10686614250260926E-006  0.20696751240598428E-006
  0.00000000000000000E+000   0.35185808041157222E-001  0.11342796791688565E-002  0.11581303845720297E-006  0.74897094435345761E-007
  0.39269908169872414E+000   0.14307615067554885E+000  0.48909770842467176E-003  0.10686614248817559E-006  0.20696751240599822E-006
  0.78539816339744828E+000   0.30478748269610972E+000  0.15967244615603323E-003  0.31881909251075084E-006  0.45363896773728288E-006
  0.11780972450961724E+001   0.48881552416120760E+000  0.43263052185666328E-003  0.10522026917376372E-006  0.74690473245826643E-006
  0.15707963267948966E+001   0.70743219967934312E+000  0.87830159341845777E-003  0.21181411946953742E-006  0.93274277333431250E-006
  0.19634954084936207E+001   0.98964645504784954E+000  0.14065099307198200E-002  0.95831041073075673E-007  0.10252828919447067E-005
  0.23561944901923448E+001   0.14001789198030086E+001  0.21870623638631554E-002  0.62611853802399754E-006  0.14176248851106354E-005
  0.27488935718910690E+001   0.21474519459456158E+001  0.30184681325092643E-002  0.27767655248299510E-006  0.24738293925960849E-005
  0.31415926535897931E+001   0.35873791259416961E+001  0.14925989521914349E-001 -0.86148588800244611E-006  0.50578035033797822E-005
