 -0.70000000000000000E+001  0.00000000000000000E+000
          1          1 -0.63399237475610243E-001  0.11354339379129634E-002  0.53196384958031551E-007  0.16667754322163545E-006
 -0.60000000000000000E+001  0.00000000000000000E+000
          1          1  0.66204101114769001E-001  0.11386880811115208E-002 -0.89299818164109286E-007  0.16719018321268887E-006
 -0.50000000000000000E+001  0.00000000000000000E+000
          1          1 -0.87150497866198870E-001  0.11270990029626491E-002  0.97497976689221904E-007  0.17660037292645164E-006
 -0.40000000000000000E+001  0.00000000000000000E+000
          1          1  0.10171853302145641E+000  0.11347530705140491E-002 -0.13824499186431538E-006  0.21524774866834045E-006
 -0.30000000000000000E+001  0.00000000000000000E+000
          1          1 -0.16323398856337715E+000  0.10501590763476064E-002  0.78987769332123632E-007  0.29933638666676083E-006
 -0.20000000000000000E+001  0.00000000000000000E+000
          1          1  0.20975846571325188E+000  0.10115510438174283E-002 -0.56862817668093408E-007  0.30930665875422377E-006
 -0.10000000000000000E+001  0.00000000000000000E+000
          1          1 -0.57426460556994829E+000  0.39212045911701397E-003  0.14642600187535474E-007  0.68120812386888139E-006
  0.00000000000000000E+000  0.00000000000000000E+000
          1          1  0.99908389312501378E+000  0.15737921278872289E-003  0.17118866631173792E-006  0.11706143415351146E-005
  0.10000000000000000E+001  0.00000000000000000E+000
          1          1 -0.57426460556994818E+000  0.39212045911709068E-003  0.14642600243571779E-007  0.68120812386982530E-006
  0.20000000000000000E+001  0.00000000000000000E+000
          1          1  0.20975846571325191E+000  0.10115510438173719E-002 -0.56862817780958702E-007  0.30930665875527832E-006
  0.30000000000000000E+001  0.00000000000000000E+000
          1          1 -0.16323398856337715E+000  0.10501590763476064E-002  0.78987769501857388E-007  0.29933638666686978E-006
  0.40000000000000000E+001  0.00000000000000000E+000
          1          1  0.10171853302145638E+000  0.11347530705140513E-002 -0.13824499209014464E-006  0.21524774866777204E-006
  0.50000000000000000E+001  0.00000000000000000E+000
          1          1 -0.87150497866198870E-001  0.11270990029626491E-002  0.97497976969917492E-007  0.17660037292746556E-006
  0.60000000000000000E+001  0.00000000000000000E+000
          1          1  0.66204101114768960E-001  0.11386880811115252E-002 -0.89299818497906904E-007  0.16719018321332128E-006
  0.70000000000000000E+001  0.00000000000000000E+000
          1          1 -0.63399237475610243E-001  0.11354339379129543E-002  0.53196385345406803E-007  0.16667754322206630E-006
  0.80000000000000000E+001  0.00000000000000000E+000
          1          1  0.56836374167458306E-001  0.11266676127704687E-002  0.24790164758027008E-007  0.14441956239832703E-006
