 -0.27488935718910690E+001   0.37201236660982712E-001  0.10236380142222608E-002  0.38119261845769401E-016  0.79020937114126886E-018
 -0.23561944901923448E+001   0.34927238887791361E-001  0.96728015859551784E-003  0.22935214727348306E-016  0.75833321486380044E-018
 -0.19634954084936207E+001   0.34914093612041314E-001  0.91036837816786502E-003  0.34101025815069252E-016  0.85678555372320036E-018
 -0.15707963267948966E+001   0.32764271741495758E-001  0.10148354216799581E-002  0.23265586008020399E-016  0.89217546614408115E-018
 -0.11780972450961724E+001   0.33170538189958486E-001  0.94068465752625708E-003  0.30676085541943901E-016  0.88568097580692667E-018
 -0.78539816339744828E+000   0.32561722143784930E-001  0.87414198970762970E-003  0.25386848460549467E-016  0.70220366861696317E-018
 -0.39269908169872414E+000   0.31490044587073336E-001  0.76879628546416790E-003  0.27008287746772683E-016  0.68434747183058241E-018
  0.00000000000000000E+000   0.32735420505736204E-001  0.10868528424959657E-002 -0.77840547535492589E-016  0.52526424511257445E-017
  0.39269908169872414E+000   0.31490044587073336E-001  0.76879628546416790E-003  0.25541401538792648E-016  0.62373772997051911E-018
  0.78539816339744828E+000   0.32561722143784930E-001  0.87414198970763067E-003  0.29132613011883641E-016  0.78346962560944754E-018
  0.11780972450961724E+001   0.33170538189958486E-001  0.94068465752625513E-003  0.24648430974554242E-016  0.90278586036458880E-018
  0.15707963267948966E+001   0.32764271741495758E-001  0.10148354216799581E-002  0.31426963823740953E-016  0.92746957706506342E-018
  0.19634954084936207E+001   0.34914093612041314E-001  0.91036837816786600E-003  0.24079828854023708E-016  0.82090188037354287E-018
  0.23561944901923448E+001   0.34927238887791361E-001  0.96728015859551828E-003  0.35092694858520874E-016  0.83852006623791199E-018
  0.27488935718910690E+001   0.37201236660982712E-001  0.10236380142222567E-002  0.23752378895871913E-016  0.92496319069955979E-018
  0.31415926535897931E+001   0.46083415752477569E-001  0.25990606408428144E-002  0.46349484528256832E-016  0.21922020954334468E-017
