 -0.70000000000000000E+001  0.00000000000000000E+000
          1          1 -0.30037341466262156E-003  0.30769718392400532E-003 -0.97940083046108420E-017  0.31058976401151273E-018
 -0.60000000000000000E+001  0.00000000000000000E+000
          1          1  0.77702255631271209E-003  0.30026813020768585E-003 -0.32177443664739639E-017  0.50793523810186580E-018
 -0.50000000000000000E+001  0.00000000000000000E+000
          1          1 -0.55332265939936093E-003  0.31774795119675499E-003 -0.93506352181440944E-017  0.43094393959808726E-018
 -0.40000000000000000E+001  0.00000000000000000E+000
          1          1  0.58559110487829170E-003  0.17968812998101445E-003 -0.40535384059264370E-017  0.45541653122611825E-018
 -0.30000000000000000E+001  0.00000000000000000E+000
          1          1 -0.69700851376899430E-003  0.31538190156091820E-003 -0.88101055703318418E-017  0.37213309868395388E-018
 -0.20000000000000000E+001  0.00000000000000000E+000
          1          1  0.88426404059006988E-003  0.21706649651883527E-003 -0.46521331034206948E-017  0.44699106520726243E-018
 -0.10000000000000000E+001  0.00000000000000000E+000
          1          1 -0.17862942238543644E-002  0.20957367011727223E-003 -0.88947389418655323E-017  0.41290261990511676E-018
  0.00000000000000000E+000  0.00000000000000000E+000
          1          1  0.34554820494029345E-001  0.33629643088877180E-003  0.22729722443476602E-016  0.49789957235871076E-018
  0.10000000000000000E+001  0.00000000000000000E+000
          1          1 -0.17862942238543640E-002  0.20957367011727152E-003 -0.81093000699796110E-017  0.43564759538337381E-018
  0.20000000000000000E+001  0.00000000000000000E+000
          1          1  0.88426404059006988E-003  0.21706649651883527E-003 -0.60474905621579426E-017  0.36918614771459491E-018
  0.30000000000000000E+001  0.00000000000000000E+000
          1          1 -0.69700851376899462E-003  0.31538190156091809E-003 -0.64937839681479785E-017  0.36316571863748221E-018
  0.40000000000000000E+001  0.00000000000000000E+000
          1          1  0.58559110487828845E-003  0.17968812998101402E-003 -0.71086781865793488E-017  0.37251091432215053E-018
  0.50000000000000000E+001  0.00000000000000000E+000
          1          1 -0.55332265939935768E-003  0.31774795119675510E-003 -0.57523155177017444E-017  0.32885093682031232E-018
  0.60000000000000000E+001  0.00000000000000000E+000
          1          1  0.77702255631271089E-003  0.30026813020768629E-003 -0.76153566332284418E-017  0.29753473242929424E-018
  0.70000000000000000E+001  0.00000000000000000E+000
          1          1 -0.30037341466261701E-003  0.30769718392400505E-003 -0.48208105198004119E-017  0.37541559854249605E-018
  0.80000000000000000E+001  0.00000000000000000E+000
          1          1  0.36084223151538531E-003  0.35498062632018226E-003 -0.85829105878755344E-017  0.50938458501078446E-018
