 -0.27488935718910690E+001   0.21045388496364299E+001  0.21439819022272349E-002  
 -0.23561944901923448E+001   0.13572752771982233E+001  0.14157909193372206E-002  
 -0.19634954084936207E+001   0.96039852345769938E+000  0.68891453693418342E-003  
 -0.15707963267948966E+001   0.68885342261226135E+000  0.59255141128396909E-003  
 -0.11780972450961724E+001   0.47818412129504889E+000  0.35117414685694977E-003  
 -0.78539816339744828E+000   0.30103079339624855E+000  0.18126938058847614E-003  
 -0.39269908169872414E+000   0.14495378608418144E+000  0.14465125970019064E-003  
  0.00000000000000000E+000   0.43406871356543072E-001  0.34594933740631455E-003  
  0.39269908169872414E+000   0.14495378608418144E+000  0.14465125970019064E-003  
  0.78539816339744828E+000   0.30103079339624855E+000  0.18126938058847614E-003  
  0.11780972450961724E+001   0.47818412129504889E+000  0.35117414685694977E-003  
  0.15707963267948966E+001   0.68885342261226135E+000  0.59255141128394904E-003  
  0.19634954084936207E+001   0.96039852345769938E+000  0.68891453693418342E-003  
  0.23561944901923448E+001   0.13572752771982233E+001  0.14157909193370779E-002  
  0.27488935718910690E+001   0.21045388496364299E+001  0.21439819022272349E-002  
  0.31415926535897931E+001   0.38821761158509580E+001  0.66767647564505784E-002  
