 -0.70000000000000000E+001  0.00000000000000000E+000
          1          1 -0.83913283043529047E-001  0.54694312671611767E-003 -0.30789763804125272E-015  0.41416686401394335E-017
 -0.60000000000000000E+001  0.00000000000000000E+000
          1          1  0.87567264680773985E-001  0.53602752014305017E-003  0.28498341310456197E-015  0.11347258843379916E-017
 -0.50000000000000000E+001  0.00000000000000000E+000
          1          1 -0.10851428293358109E+000  0.52265563247606633E-003 -0.28159060968419689E-015  0.18860837628983790E-017
 -0.40000000000000000E+001  0.00000000000000000E+000
          1          1  0.12416735570269245E+000  0.49516546323821644E-003  0.26751190965181463E-015  0.15388956998787944E-017
 -0.30000000000000000E+001  0.00000000000000000E+000
          1          1 -0.18461246335640569E+000  0.42123753202123114E-003 -0.29950746514137632E-015  0.21293765513638004E-017
 -0.20000000000000000E+001  0.00000000000000000E+000
          1          1  0.23091725306709840E+000  0.38896439896442156E-003  0.30803413947150066E-015  0.18820421336336009E-017
 -0.10000000000000000E+001  0.00000000000000000E+000
          1          1 -0.58265228179008788E+000  0.34764123466772995E-003 -0.60322965061837920E-015  0.33028768267404040E-017
  0.00000000000000000E+000  0.00000000000000000E+000
          1          1  0.99975328341048053E+000  0.56813241121728294E-003  0.93977730517062051E-015  0.65728970275071667E-017
  0.10000000000000000E+001  0.00000000000000000E+000
          1          1 -0.58265228179008788E+000  0.34764123466772995E-003 -0.52853540210474336E-015  0.52132053204334069E-017
  0.20000000000000000E+001  0.00000000000000000E+000
          1          1  0.23091725306709834E+000  0.38896439896439320E-003  0.16711109300699614E-015  0.37908755821422795E-017
  0.30000000000000000E+001  0.00000000000000000E+000
          1          1 -0.18461246335640569E+000  0.42123753202123401E-003 -0.91985546384461235E-016  0.37505872500460270E-017
  0.40000000000000000E+001  0.00000000000000000E+000
          1          1  0.12416735570269243E+000  0.49516546323821319E-003  0.15790134090994385E-017  0.28140632514134759E-017
  0.50000000000000000E+001  0.00000000000000000E+000
          1          1 -0.10851428293358106E+000  0.52265563247606503E-003  0.36631617644649081E-016  0.29457111659282633E-017
  0.60000000000000000E+001  0.00000000000000000E+000
          1          1  0.87567264680773971E-001  0.53602752014304724E-003 -0.90493309392766109E-016  0.27864879928582237E-017
  0.70000000000000000E+001  0.00000000000000000E+000
          1          1 -0.83913283043528991E-001  0.54694312671612092E-003  0.12305259685588792E-015  0.47870659873472621E-017
  0.80000000000000000E+001  0.00000000000000000E+000
          1          1  0.77734463292140565E-001  0.55907135292627150E-003 -0.15241447246213165E-015  0.64932020035617602E-017
