 -0.27488935718910690E+001   0.87158013607062046E-001  0.20807892240630316E-002  0.15886122088366989E-006  0.10519195935003097E-006
 -0.23561944901923448E+001   0.74100772778995863E-001  0.22009588891056943E-002  0.17510105725745026E-006  0.74578523906132275E-007
 -0.19634954084936207E+001   0.72676380489203093E-001  0.25453114626488656E-002  0.16050037626666024E-006  0.74787733038335790E-007
 -0.15707963267948966E+001   0.67048488514206375E-001  0.13939500839859555E-002  0.18633797439296296E-006  0.88908410224934744E-007
 -0.11780972450961724E+001   0.68207509600761218E-001  0.17241023354741248E-002  0.13847573543365802E-006  0.92007666770557458E-007
 -0.78539816339744828E+000   0.65177739610565333E-001  0.23174968351054124E-002  0.16564095656978831E-006  0.81270066122948924E-007
 -0.39269908169872414E+000   0.65001514459439677E-001  0.13303377938696697E-002  0.26169701917640436E-006  0.20911106691968918E-006
  0.00000000000000000E+000   0.66233234595420118E-001  0.33210831737265621E-002 -0.60809008817013217E-006  0.27564624233263967E-006
  0.39269908169872414E+000   0.65001514459439691E-001  0.13303377938696697E-002  0.26169701916853034E-006  0.20911106691955138E-006
  0.78539816339744828E+000   0.65177739610565333E-001  0.23174968351054124E-002  0.16564095658483582E-006  0.81270066122384681E-007
  0.11780972450961724E+001   0.68207509600761218E-001  0.17241023354741248E-002  0.13847573540998580E-006  0.92007666771646491E-007
  0.15707963267948966E+001   0.67048488514206375E-001  0.13939500839859555E-002  0.18633797442390862E-006  0.88908410223235040E-007
  0.19634954084936207E+001   0.72676380489203093E-001  0.25453114626488656E-002  0.16050037622810235E-006  0.74787733039663144E-007
  0.23561944901923448E+001   0.74100772778995863E-001  0.22009588891056964E-002  0.17510105730448251E-006  0.74578523903929499E-007
  0.27488935718910690E+001   0.87158013607062046E-001  0.20807892240630316E-002  0.15886122082948315E-006  0.10519195935107728E-006
  0.31415926535897931E+001   0.13089147878655441E+000  0.69742979447591771E-002  0.19888564840767250E-006  0.11553114739280140E-006
