 -0.70000000000000000E+001  0.00000000000000000E+000
          1          1 -0.20573200540924372E-002  0.67027257308154204E-003 -0.62094574228615454E-007  0.47414847944489301E-007
 -0.60000000000000000E+001  0.00000000000000000E+000
          1          1  0.29425985126708366E-002  0.74011791415591187E-003 -0.59613967709498890E-007  0.31877281235581523E-007
 -0.50000000000000000E+001  0.00000000000000000E+000
          1          1 -0.27086697547097690E-002  0.89334388056109323E-003 -0.57062529763693241E-007  0.31301616456393900E-007
 -0.40000000000000000E+001  0.00000000000000000E+000
          1          1  0.32915416019540416E-002  0.34984808665367766E-003 -0.44875782412583953E-007  0.20265492509890039E-007
 -0.30000000000000000E+001  0.00000000000000000E+000
          1          1 -0.37962264536446069E-002  0.64385606556012465E-003 -0.42137111976930076E-007  0.22009192806085899E-007
 -0.20000000000000000E+001  0.00000000000000000E+000
          1          1  0.49358685315243666E-002  0.48712949416325219E-003 -0.38121080854962340E-007  0.17848533103914032E-007
 -0.10000000000000000E+001  0.00000000000000000E+000
          1          1 -0.76023447853367969E-002  0.46774548315660537E-003 -0.40449718191245247E-007  0.16957924793018584E-007
  0.00000000000000000E+000  0.00000000000000000E+000
          1          1  0.74741596968902577E-001  0.83428619356558397E-003  0.13025151501046642E-006  0.64416005005328834E-007
  0.10000000000000000E+001  0.00000000000000000E+000
          1          1 -0.76023447853367943E-002  0.46774548315660461E-003 -0.40449718189468159E-007  0.16957924793061607E-007
  0.20000000000000000E+001  0.00000000000000000E+000
          1          1  0.49358685315243666E-002  0.48712949416325219E-003 -0.38121080858816261E-007  0.17848533103771181E-007
  0.30000000000000000E+001  0.00000000000000000E+000
          1          1 -0.37962264536446060E-002  0.64385606556012227E-003 -0.42137111970946199E-007  0.22009192806112578E-007
  0.40000000000000000E+001  0.00000000000000000E+000
          1          1  0.32915416019540416E-002  0.34984808665367766E-003 -0.44875782420186504E-007  0.20265492509595976E-007
  0.50000000000000000E+001  0.00000000000000000E+000
          1          1 -0.27086697547097664E-002  0.89334388056109518E-003 -0.57062529753744866E-007  0.31301616456657651E-007
  0.60000000000000000E+001  0.00000000000000000E+000
          1          1  0.29425985126708253E-002  0.74011791415591155E-003 -0.59613967721490005E-007  0.31877281235141761E-007
  0.70000000000000000E+001  0.00000000000000000E+000
          1          1 -0.20573200540924190E-002  0.67027257308153825E-003 -0.62094574214583559E-007  0.47414847944814939E-007
  0.80000000000000000E+001  0.00000000000000000E+000
          1          1  0.14807424297860877E-002  0.95953245326789493E-003 -0.49632072922110110E-007  0.32530685460261925E-007
