 -0.70000000000000000E+001  0.00000000000000000E+000
          1          1 -0.73874401024362102E-001  0.61972868858352088E-003  0.31610061596301244E-008  0.27810071041634182E-007
 -0.60000000000000000E+001  0.00000000000000000E+000
          1          1  0.77127498913038744E-001  0.62231313414779442E-003  0.45301959581255920E-007  0.23012533012852669E-007
 -0.50000000000000000E+001  0.00000000000000000E+000
          1          1 -0.98080193863082948E-001  0.60162556416641351E-003 -0.10125167739252017E-006  0.41381243051479321E-007
 -0.40000000000000000E+001  0.00000000000000000E+000
          1          1  0.11323023239973404E+000  0.61959004793276610E-003  0.99779739193625436E-007  0.48991823794465182E-007
 -0.30000000000000000E+001  0.00000000000000000E+000
          1          1 -0.17419324188374349E+000  0.56767199607804118E-003 -0.21633804426620267E-006  0.94969118152723799E-007
 -0.20000000000000000E+001  0.00000000000000000E+000
          1          1  0.22063276772328783E+000  0.53802270529625909E-003  0.23774093930718084E-006  0.13986466783496527E-006
 -0.10000000000000000E+001  0.00000000000000000E+000
          1          1 -0.57848822844632486E+000  0.33734827530085764E-003 -0.84441649241354321E-006  0.42611518813995999E-006
  0.00000000000000000E+000  0.00000000000000000E+000
          1          1  0.99982604806667752E+000  0.49084288664959490E-003  0.16152239825475075E-005  0.75324583138132022E-006
  0.10000000000000000E+001  0.00000000000000000E+000
          1          1 -0.57848822844632486E+000  0.33734827530085764E-003 -0.84441649235176476E-006  0.42611518814113768E-006
  0.20000000000000000E+001  0.00000000000000000E+000
          1          1  0.22063276772328788E+000  0.53802270529626744E-003  0.23774093918235960E-006  0.13986466783517255E-006
  0.30000000000000000E+001  0.00000000000000000E+000
          1          1 -0.17419324188374349E+000  0.56767199607804118E-003 -0.21633804407644175E-006  0.94969118152763344E-007
  0.40000000000000000E+001  0.00000000000000000E+000
          1          1  0.11323023239973404E+000  0.61959004793276610E-003  0.99779738943890265E-007  0.48991823794102480E-007
  0.50000000000000000E+001  0.00000000000000000E+000
          1          1 -0.98080193863082948E-001  0.60162556416641980E-003 -0.10125167709022752E-006  0.41381243052343546E-007
  0.60000000000000000E+001  0.00000000000000000E+000
          1          1  0.77127498913038717E-001  0.62231313414778781E-003  0.45301959226482999E-007  0.23012533014688871E-007
  0.70000000000000000E+001  0.00000000000000000E+000
          1          1 -0.73874401024362046E-001  0.61972868858351275E-003  0.31610065676698114E-008  0.27810071041360197E-007
  0.80000000000000000E+001  0.00000000000000000E+000
          1          1  0.67443372554205613E-001  0.62189962884761404E-003 -0.22131774428457984E-008  0.31198604162805370E-007
