 -0.27488935718910690E+001   0.21259889518192221E+001  0.21550131882425529E-002 
 -0.23561944901923448E+001   0.13783362484971535E+001  0.15995595109986995E-002 
 -0.19634954084936207E+001   0.97501170663579040E+000  0.10317911487739701E-002 
 -0.15707963267948966E+001   0.69820935214769797E+000  0.65417131800124778E-003 
 -0.11780972450961724E+001   0.48385944954225102E+000  0.40316790023061261E-003 
 -0.78539816339744828E+000   0.30328166314567623E+000  0.14788087267357335E-003 
 -0.39269908169872414E+000   0.14467059405262489E+000  0.26477361345440299E-003 
  0.00000000000000000E+000   0.39978288257977161E-001  0.75357663497675222E-003 
  0.39269908169872414E+000   0.14467059405262483E+000  0.26477361345440299E-003 
  0.78539816339744828E+000   0.30328166314567623E+000  0.14788087267357335E-003 
  0.11780972450961724E+001   0.48385944954225102E+000  0.40316790023063777E-003 
  0.15707963267948966E+001   0.69820935214769797E+000  0.65417131800124778E-003 
  0.19634954084936207E+001   0.97501170663579040E+000  0.10317911487740046E-002 
  0.23561944901923448E+001   0.13783362484971535E+001  0.15995595109986995E-002 
  0.27488935718910690E+001   0.21259889518192221E+001  0.21550131882425529E-002 
  0.31415926535897931E+001   0.37385225491280321E+001  0.79587843247454944E-002 
