 -0.27488935718910690E+001   0.34969618281494047E-004  0.20473672943968754E-005  0.36819731511673544E-019  0.19533288050348272E-020
 -0.23561944901923448E+001   0.78081966968547415E-004  0.36172019211305692E-005  0.60233035147147305E-019  0.29165422901104939E-020
 -0.19634954084936207E+001   0.39075109247183126E-004  0.33080464345080533E-005  0.38171285937697922E-019  0.29106538640031615E-020
 -0.15707963267948966E+001   0.43537843244551164E-004  0.33571279542522981E-005  0.32982977784963093E-019  0.27941329435484566E-020
 -0.11780972450961724E+001   0.46410803911228552E-004  0.26377913649815502E-005  0.42369812214215929E-019  0.22029491756957487E-020
 -0.78539816339744828E+000   0.78383426682387717E-004  0.30456591685084519E-005  0.64348070946636084E-019  0.25021647017633583E-020
 -0.39269908169872414E+000   0.76225667267202724E-004  0.30338866103569340E-005  0.65869160628572138E-019  0.26477790811106477E-020
  0.00000000000000000E+000   0.56156241606291000E-004  0.25307901722840304E-005  0.32708504861506905E-019  0.18493570004654746E-020
  0.39269908169872414E+000   0.76225667267202737E-004  0.30338866103569416E-005  0.64141515004397351E-019  0.25520690456172543E-020
  0.78539816339744828E+000   0.78383426682387730E-004  0.30456591685084527E-005  0.68652277437678295E-019  0.25820791521806672E-020
  0.11780972450961724E+001   0.46410803911228552E-004  0.26377913649815418E-005  0.36384782198027690E-019  0.21392048680655061E-020
  0.15707963267948966E+001   0.43537843244551164E-004  0.33571279542522972E-005  0.41024819840106356E-019  0.29247862721277649E-020
  0.19634954084936207E+001   0.39075109247183133E-004  0.33080464345080504E-005  0.28337094352686838E-019  0.26496745580652312E-020
  0.23561944901923448E+001   0.78081966968547415E-004  0.36172019211305756E-005  0.72044511788843387E-019  0.31301677600731386E-020
  0.27488935718910690E+001   0.34969618281494040E-004  0.20473672943968724E-005  0.22702744546231387E-019  0.15267813019527701E-020
  0.31415926535897931E+001   0.49205230070688108E-004  0.22380845500623843E-005  0.49777738064631694E-019  0.20964869602727801E-020
