 -0.70000000000000000E+001  0.00000000000000000E+000
          1          1 -0.46542747609107395E-005  0.11540534059089656E-006 -0.80947489099719744E-020  0.24407985653344893E-021
 -0.60000000000000000E+001  0.00000000000000000E+000
          1          1 -0.11295473704102950E-005  0.45241115067147195E-007  0.20301226218946920E-021  0.78654680830548625E-022
 -0.50000000000000000E+001  0.00000000000000000E+000
          1          1 -0.71854583936488626E-006  0.56097405391709853E-007 -0.44457171777041184E-020  0.15639100496522774E-021
 -0.40000000000000000E+001  0.00000000000000000E+000
          1          1 -0.75308518209868013E-005  0.12118096470392322E-006 -0.57599487811262798E-020  0.70717221289477677E-022
 -0.30000000000000000E+001  0.00000000000000000E+000
          1          1  0.15341312293374780E-005  0.19458857120813069E-006 -0.11800854975337302E-020  0.11563089429110918E-021
 -0.20000000000000000E+001  0.00000000000000000E+000
          1          1  0.34152705188948904E-005  0.19964630059084277E-006  0.32232218167898947E-020  0.10995950425975331E-021
 -0.10000000000000000E+001  0.00000000000000000E+000
          1          1  0.55764422548388733E-005  0.58945108662650720E-007  0.26222356694941729E-020  0.13149342383831689E-021
  0.00000000000000000E+000  0.00000000000000000E+000
          1          1  0.56170646430135541E-004  0.29275454125789215E-005  0.47285503891563495E-019  0.24549132606568673E-020
  0.10000000000000000E+001  0.00000000000000000E+000
          1          1  0.55764422548388725E-005  0.58945108662650747E-007  0.37659321733276435E-020  0.97498918476550042E-022
  0.20000000000000000E+001  0.00000000000000000E+000
          1          1  0.34152705188948904E-005  0.19964630059084250E-006  0.17428629783124698E-020  0.33383080741254844E-021
  0.30000000000000000E+001  0.00000000000000000E+000
          1          1  0.15341312293374790E-005  0.19458857120813056E-006  0.92904439892548592E-021  0.23176239569432294E-021
  0.40000000000000000E+001  0.00000000000000000E+000
          1          1 -0.75308518209868022E-005  0.12118096470392428E-006 -0.78152823522381989E-020  0.17610202250142204E-021
  0.50000000000000000E+001  0.00000000000000000E+000
          1          1 -0.71854583936488478E-006  0.56097405391709721E-007  0.28161914971079992E-021  0.94781769205689675E-022
  0.60000000000000000E+001  0.00000000000000000E+000
          1          1 -0.11295473704102975E-005  0.45241115067147327E-007 -0.30719822291893833E-020  0.14404759868171727E-021
  0.70000000000000000E+001  0.00000000000000000E+000
          1          1 -0.46542747609107353E-005  0.11540534059089767E-006 -0.26872645923051522E-020  0.61698403212083036E-022
  0.80000000000000000E+001  0.00000000000000000E+000
          1          1  0.70003467533584273E-005  0.17329886493425434E-006  0.24230367170067815E-020  0.49930592184765323E-022
