 -0.70000000000000000E+001  0.00000000000000000E+000
          1          1 -0.94165829752634933E-001  0.60471121497602863E-004 -0.32823337681837679E-015  0.15271550955707042E-017
 -0.60000000000000000E+001  0.00000000000000000E+000
          1          1  0.98426190564455077E-001  0.60742623407664719E-004  0.30124043910508810E-015  0.18513202483085421E-017
 -0.50000000000000000E+001  0.00000000000000000E+000
          1          1 -0.11931220971002061E+000  0.81818226496487806E-004 -0.29434716406678392E-015  0.22884666261249458E-017
 -0.40000000000000000E+001  0.00000000000000000E+000
          1          1  0.13559160936300232E+000  0.10224193273062815E-003  0.28068461253111249E-015  0.26624385962353962E-017
 -0.30000000000000000E+001  0.00000000000000000E+000
          1          1 -0.19525050970119731E+000  0.11409333339642751E-003 -0.31588729384317895E-015  0.27508453040145887E-017
 -0.20000000000000000E+001  0.00000000000000000E+000
          1          1  0.24139000993904836E+000  0.12089046028760640E-003  0.32048174315689913E-015  0.37248129722877295E-017
 -0.10000000000000000E+001  0.00000000000000000E+000
          1          1 -0.58686228495775916E+000  0.21677985425586505E-003 -0.61674103289818647E-015  0.70595461707285920E-017
  0.00000000000000000E+000  0.00000000000000000E+000
          1          1  0.99900761323678189E+000  0.32087427680514642E-003  0.95339359975264422E-015  0.11597356491171328E-016
  0.10000000000000000E+001  0.00000000000000000E+000
          1          1 -0.58686228495775916E+000  0.21677985425586505E-003 -0.54159924094680723E-015  0.64740852305502530E-017
  0.20000000000000000E+001  0.00000000000000000E+000
          1          1  0.24139000993904836E+000  0.12089046028762387E-003  0.17881780745921684E-015  0.33975687979791024E-017
  0.30000000000000000E+001  0.00000000000000000E+000
          1          1 -0.19525050970119731E+000  0.11409333339643399E-003 -0.10376917452031285E-015  0.35611895875823172E-017
  0.40000000000000000E+001  0.00000000000000000E+000
          1          1  0.13559160936300230E+000  0.10224193273061620E-003  0.10802775545097290E-016  0.29776096674765675E-017
  0.50000000000000000E+001  0.00000000000000000E+000
          1          1 -0.11931220971002060E+000  0.81818226496495680E-004  0.28811239191187143E-016  0.26858443202817789E-017
  0.60000000000000000E+001  0.00000000000000000E+000
          1          1  0.98426190564455063E-001  0.60742623407657516E-004 -0.82842733483367671E-016  0.16473203300561897E-017
  0.70000000000000000E+001  0.00000000000000000E+000
          1          1 -0.94165829752634905E-001  0.60471121497617960E-004  0.11468518704727596E-015  0.12509758916332392E-017
  0.80000000000000000E+001  0.00000000000000000E+000
          1          1  0.88260537327677802E-001  0.63565042105174997E-004 -0.14524085304878042E-015  0.11129574174550059E-017
