      0.00000000    0.11716185E-01    0.22477521E-05      0    0.25000000E+00    0.00000000E+00
      0.39269908    0.36152334E-01    0.14946688E-05      1   -0.14672685E+00    0.14874384E-05
      0.78539816    0.74632051E-01    0.20773619E-05      2    0.60180259E-01    0.23419475E-05
      1.17809725    0.11831098E+00    0.30549056E-05      3   -0.48730841E-01    0.26265816E-05
      1.57079633    0.17020270E+00    0.41642222E-05      4    0.33848187E-01    0.30866354E-05
      1.96349541    0.23692630E+00    0.50646284E-05      5   -0.29799803E-01    0.35140320E-05
      2.35619449    0.33408451E+00    0.75553265E-05      6    0.24593903E-01    0.38752008E-05
      2.74889357    0.52039177E+00    0.15914982E-04      7   -0.23534092E-01    0.41789270E-05
      3.14159265    0.10068825E+01    0.42251224E-04      8    0.22054653E-01    0.44876539E-05
      3.53429174    0.52039177E+00    0.15914982E-04      9   -0.23534092E-01    0.41789270E-05
      3.92699082    0.33408451E+00    0.75553265E-05     10    0.24593903E-01    0.38752008E-05
      4.31968990    0.23692630E+00    0.50646284E-05     11   -0.29799803E-01    0.35140320E-05
      4.71238898    0.17020270E+00    0.41642222E-05     12    0.33848187E-01    0.30866354E-05
      5.10508806    0.11831098E+00    0.30549056E-05     13   -0.48730841E-01    0.26265816E-05
      5.49778714    0.74632051E-01    0.20773619E-05     14    0.60180259E-01    0.23419475E-05
      5.89048623    0.36152334E-01    0.14946688E-05     15   -0.14672685E+00    0.14874384E-05
