 -0.27488935718910690E+001   0.20814334481842547E+001  0.81942742728703254E-003  
 -0.23561944901923448E+001   0.13343452640109681E+001  0.38022691639893406E-003  
 -0.19634954084936207E+001   0.94534356261381602E+000  0.27214101331276771E-003  
 -0.15707963267948966E+001   0.67881896828345778E+000  0.23174944142520369E-003  
 -0.11780972450961724E+001   0.47178784462797796E+000  0.13059847899806118E-003  
 -0.78539816339744828E+000   0.29782459966594232E+000  0.77784417538586238E-004  
 -0.39269908169872414E+000   0.14442344821036909E+000  0.54243445026509881E-004  
  0.00000000000000000E+000   0.46902102054247170E-001  0.23415521330853333E-004  
  0.39269908169872414E+000   0.14442344821036907E+000  0.54243445026513107E-004  
  0.78539816339744828E+000   0.29782459966594232E+000  0.77784417538586238E-004  
  0.11780972450961724E+001   0.47178784462797796E+000  0.13059847899806118E-003  
  0.15707963267948966E+001   0.67881896828345778E+000  0.23174944142519632E-003  
  0.19634954084936207E+001   0.94534356261381625E+000  0.27214101331279021E-003  
  0.23561944901923448E+001   0.13343452640109681E+001  0.38022691639893406E-003  
  0.27488935718910690E+001   0.20814334481842547E+001  0.81942742728692629E-003  
  0.31415926535897931E+001   0.40292654385406985E+001  0.17156870268003950E-002  
